  Model Peng Robinson (1976)
 Fluid          Tc(K)       Pc(bar)  Vceos(L/mol)    W
METHANE(1)190.564      45.990     0.106     0.012
ETHANE(2) 305.320      48.720     0.160     0.099
PROPANE(3)369.830      42.480     0.223     0.152
 Fluid  ac(bar*L2/mol2)  b(L/mol)    d1      rm
METHANE(1)  2.496       0.027     2.414     0.392
ETHANE(2)   6.048       0.041     2.414     0.525
PROPANE(3) 10.177       0.056     2.414     0.603
 
   KIJ MATRIX
METHANE(1)
ETHANE(2)   0.011
PROPANE(3)  0.017  0.003
 
   LIJ MATRIX
METHANE(1)
ETHANE(2)   0.000
PROPANE(3)  0.000  0.000
 
  Combining rules:
  0: Classical or van der Waals 
 
   T = 283.1500 K    P =  27.5600 bar
 
       X(1)        X(2)        X(3)        Y(1)	       Y(2)     Y(3)      dX(mol
 /L)  dY(mol/L) NITER
 xytern
  0.1400E+00  0.1000E-09  0.8600E+00  0.7018E+00  0.1073E-09  0.2982E+00  12.5752  0.1414E+01   3 2
  0.1400E+00  0.1181E-09  0.8600E+00  0.7018E+00  0.1267E-09  0.2982E+00  12.5752  0.1414E+01   1 2
  0.1400E+00  0.2718E-09  0.8600E+00  0.7018E+00  0.2916E-09  0.2982E+00  12.5752  0.1414E+01   1 2
  0.1400E+00  0.8177E-09  0.8600E+00  0.7018E+00  0.8773E-09  0.2982E+00  12.5752  0.1414E+01   1 2
  0.1400E+00  0.2328E-08  0.8600E+00  0.7018E+00  0.2497E-08  0.2982E+00  12.5752  0.1414E+01   1 2
  0.1400E+00  0.6289E-08  0.8600E+00  0.7018E+00  0.6748E-08  0.2982E+00  12.5752  0.1414E+01   1 2
  0.1400E+00  0.1617E-07  0.8600E+00  0.7018E+00  0.1735E-07  0.2982E+00  12.5752  0.1414E+01   1 2
  0.1400E+00  0.3965E-07  0.8600E+00  0.7018E+00  0.4254E-07  0.2982E+00  12.5752  0.1414E+01   1 2
  0.1400E+00  0.9297E-07  0.8600E+00  0.7018E+00  0.9974E-07  0.2982E+00  12.5752  0.1414E+01   1 2
  0.1400E+00  0.2089E-06  0.8600E+00  0.7018E+00  0.2241E-06  0.2982E+00  12.5752  0.1414E+01   1 2
  0.1400E+00  0.4507E-06  0.8600E+00  0.7018E+00  0.4836E-06  0.2982E+00  12.5752  0.1414E+01   1 2
  0.1400E+00  0.9359E-06  0.8600E+00  0.7018E+00  0.1004E-05  0.2982E+00  12.5752  0.1414E+01   1 2
  0.1400E+00  0.1874E-05  0.8600E+00  0.7018E+00  0.2010E-05  0.2982E+00  12.5752  0.1414E+01   1 2
  0.1400E+00  0.3623E-05  0.8600E+00  0.7018E+00  0.3887E-05  0.2982E+00  12.5752  0.1414E+01   1 2
  0.1400E+00  0.6778E-05  0.8600E+00  0.7018E+00  0.7271E-05  0.2982E+00  12.5752  0.1414E+01   1 2
  0.1400E+00  0.1229E-04  0.8600E+00  0.7018E+00  0.1318E-04  0.2982E+00  12.5752  0.1414E+01   1 2
  0.1400E+00  0.2163E-04  0.8600E+00  0.7018E+00  0.2321E-04  0.2982E+00  12.5752  0.1414E+01   2 2
  0.1400E+00  0.3701E-04  0.8599E+00  0.7017E+00  0.3970E-04  0.2982E+00  12.5753  0.1414E+01   2 2
  0.1400E+00  0.6164E-04  0.8599E+00  0.7017E+00  0.6613E-04  0.2982E+00  12.5753  0.1414E+01   2 2
  0.1400E+00  0.1001E-03  0.8599E+00  0.7017E+00  0.1074E-03  0.2982E+00  12.5753  0.1414E+01   2 2
  0.1400E+00  0.1586E-03  0.8598E+00  0.7016E+00  0.1702E-03  0.2982E+00  12.5754  0.1414E+01   2 2
  0.1400E+00  0.2457E-03  0.8598E+00  0.7016E+00  0.2636E-03  0.2982E+00  12.5754  0.1414E+01   2 2
  0.1400E+00  0.3722E-03  0.8596E+00  0.7015E+00  0.3994E-03  0.2981E+00  12.5755  0.1414E+01   2 2
  0.1400E+00  0.5524E-03  0.8595E+00  0.7013E+00  0.5927E-03  0.2981E+00  12.5757  0.1414E+01   2 2
  0.1399E+00  0.8038E-03  0.8593E+00  0.7011E+00  0.8624E-03  0.2980E+00  12.5759  0.1414E+01   2 2
  0.1399E+00  0.1148E-02  0.8590E+00  0.7008E+00  0.1232E-02  0.2979E+00  12.5762  0.1414E+01   2 2
  0.1398E+00  0.1610E-02  0.8586E+00  0.7004E+00  0.1728E-02  0.2978E+00  12.5766  0.1414E+01   2 2
  0.1397E+00  0.2221E-02  0.8580E+00  0.6999E+00  0.2383E-02  0.2977E+00  12.5771  0.1414E+01   2 2
  0.1396E+00  0.3015E-02  0.8573E+00  0.6993E+00  0.3234E-02  0.2975E+00  12.5777  0.1414E+01   2 2
  0.1395E+00  0.4030E-02  0.8565E+00  0.6984E+00  0.4323E-02  0.2972E+00  12.5785  0.1415E+01   2 2
  0.1393E+00  0.5309E-02  0.8554E+00  0.6974E+00  0.5696E-02  0.2969E+00  12.5796  0.1415E+01   2 2
  0.1391E+00  0.6899E-02  0.8540E+00  0.6961E+00  0.7401E-02  0.2965E+00  12.5809  0.1416E+01   2 2
  0.1389E+00  0.8848E-02  0.8523E+00  0.6945E+00  0.9492E-02  0.2960E+00  12.5825  0.1416E+01   3 2
  0.1386E+00  0.1121E-01  0.8502E+00  0.6925E+00  0.1202E-01  0.2955E+00  12.5844  0.1417E+01   3 2
  0.1382E+00  0.1403E-01  0.8478E+00  0.6902E+00  0.1505E-01  0.2948E+00  12.5867  0.1417E+01   3 2
  0.1378E+00  0.1736E-01  0.8449E+00  0.6874E+00  0.1863E-01  0.2939E+00  12.5894  0.1418E+01   3 2
  0.1373E+00  0.2127E-01  0.8415E+00  0.6842E+00  0.2281E-01  0.2930E+00  12.5926  0.1419E+01   3 2
  0.1367E+00  0.2578E-01  0.8376E+00  0.6805E+00  0.2766E-01  0.2918E+00  12.5962  0.1421E+01   3 2
  0.1360E+00  0.3095E-01  0.8331E+00  0.6763E+00  0.3320E-01  0.2905E+00  12.6003  0.1422E+01   3 2
  0.1352E+00  0.3683E-01  0.8280E+00  0.6714E+00  0.3950E-01  0.2891E+00  12.6049  0.1424E+01   3 2
  0.1344E+00  0.4344E-01  0.8222E+00  0.6660E+00  0.4659E-01  0.2874E+00  12.6101  0.1426E+01   3 2
  0.1334E+00  0.5081E-01  0.8158E+00  0.6599E+00  0.5450E-01  0.2856E+00  12.6158  0.1428E+01   3 2
  0.1323E+00  0.5898E-01  0.8087E+00  0.6532E+00  0.6325E-01  0.2835E+00  12.6221  0.1430E+01   3 2
  0.1311E+00  0.6794E-01  0.8009E+00  0.6459E+00  0.7286E-01  0.2813E+00  12.6288  0.1432E+01   3 2
  0.1298E+00  0.7772E-01  0.7924E+00  0.6379E+00  0.8334E-01  0.2788E+00  12.6361  0.1435E+01   3 2
  0.1284E+00  0.8831E-01  0.7833E+00  0.6292E+00  0.9469E-01  0.2761E+00  12.6438  0.1438E+01   3 2
  0.1269E+00  0.9971E-01  0.7734E+00  0.6199E+00  0.1069E+00  0.2732E+00  12.6520  0.1442E+01   3 2
  0.1253E+00  0.1119E+00  0.7628E+00  0.6100E+00  0.1199E+00  0.2701E+00  12.6605  0.1445E+01   3 2
  0.1236E+00  0.1248E+00  0.7516E+00  0.5994E+00  0.1338E+00  0.2668E+00  12.6694  0.1449E+01   3 2
  0.1217E+00  0.1385E+00  0.7398E+00  0.5883E+00  0.1484E+00  0.2633E+00  12.6785  0.1453E+01   3 2
  0.1198E+00  0.1529E+00  0.7273E+00  0.5766E+00  0.1638E+00  0.2596E+00  12.6878  0.1458E+01   3 2
  0.1177E+00  0.1680E+00  0.7143E+00  0.5644E+00  0.1799E+00  0.2557E+00  12.6972  0.1462E+01   3 2
  0.1156E+00  0.1836E+00  0.7008E+00  0.5517E+00  0.1967E+00  0.2516E+00  12.7067  0.1467E+01   3 2
  0.1134E+00  0.1999E+00  0.6867E+00  0.5386E+00  0.2140E+00  0.2473E+00  12.7161  0.1472E+01   3 2
  0.1111E+00  0.2166E+00  0.6723E+00  0.5251E+00  0.2319E+00  0.2429E+00  12.7253  0.1478E+01   3 2
  0.1087E+00  0.2339E+00  0.6574E+00  0.5113E+00  0.2503E+00  0.2384E+00  12.7344  0.1484E+01   3 2
  0.1063E+00  0.2515E+00  0.6423E+00  0.4972E+00  0.2691E+00  0.2337E+00  12.7431  0.1489E+01   3 2
  0.1038E+00  0.2694E+00  0.6268E+00  0.4828E+00  0.2882E+00  0.2289E+00  12.7514  0.1496E+01   3 2
  0.1012E+00  0.2877E+00  0.6111E+00  0.4683E+00  0.3077E+00  0.2240E+00  12.7593  0.1502E+01   3 2
  0.9858E-01  0.3062E+00  0.5952E+00  0.4536E+00  0.3274E+00  0.2191E+00  12.7667  0.1508E+01   3 2
  0.9593E-01  0.3249E+00  0.5792E+00  0.4388E+00  0.3472E+00  0.2140E+00  12.7734  0.1515E+01   3 2
  0.9324E-01  0.3436E+00  0.5631E+00  0.4239E+00  0.3672E+00  0.2089E+00  12.7795  0.1522E+01   3 2
  0.9053E-01  0.3625E+00  0.5470E+00  0.4091E+00  0.3872E+00  0.2037E+00  12.7849  0.1529E+01   3 2
  0.8779E-01  0.3814E+00  0.5308E+00  0.3943E+00  0.4072E+00  0.1985E+00  12.7895  0.1536E+01   3 2
  0.8504E-01  0.4002E+00  0.5148E+00  0.3795E+00  0.4272E+00  0.1933E+00  12.7933  0.1544E+01   3 2
  0.8229E-01  0.4190E+00  0.4988E+00  0.3649E+00  0.4470E+00  0.1881E+00  12.7963  0.1551E+01   3 2
  0.7953E-01  0.4376E+00  0.4829E+00  0.3504E+00  0.4667E+00  0.1829E+00  12.7985  0.1559E+01   3 2
  0.7677E-01  0.4560E+00  0.4672E+00  0.3361E+00  0.4862E+00  0.1777E+00  12.7998  0.1566E+01   3 2
  0.7330E-01  0.4791E+00  0.4476E+00  0.3183E+00  0.5106E+00  0.1711E+00  12.8001  0.1576E+01   3 4
  0.6980E-01  0.5022E+00  0.4280E+00  0.3006E+00  0.5349E+00  0.1645E+00  12.7991  0.1586E+01   3 4
  0.6629E-01  0.5251E+00  0.4086E+00  0.2830E+00  0.5590E+00  0.1580E+00  12.7966  0.1596E+01   3 4
  0.6276E-01  0.5478E+00  0.3894E+00  0.2657E+00  0.5829E+00  0.1514E+00  12.7926  0.1606E+01   3 4
  0.5925E-01  0.5703E+00  0.3705E+00  0.2487E+00  0.6065E+00  0.1448E+00  12.7872  0.1616E+01   3 4
  0.5574E-01  0.5924E+00  0.3518E+00  0.2320E+00  0.6297E+00  0.1383E+00  12.7802  0.1627E+01   3 4
  0.5241E-01  0.6133E+00  0.3343E+00  0.2163E+00  0.6516E+00  0.1321E+00  12.7722  0.1637E+01   3 4
  0.4925E-01  0.6328E+00  0.3179E+00  0.2017E+00  0.6721E+00  0.1263E+00  12.7634  0.1647E+01   3 4
  0.4627E-01  0.6511E+00  0.3026E+00  0.1880E+00  0.6912E+00  0.1208E+00  12.7539  0.1656E+01   3 4
  0.4345E-01  0.6683E+00  0.2883E+00  0.1753E+00  0.7091E+00  0.1156E+00  12.7439  0.1665E+01   3 4
  0.4078E-01  0.6843E+00  0.2749E+00  0.1635E+00  0.7258E+00  0.1107E+00  12.7335  0.1673E+01   3 4
  0.3827E-01  0.6993E+00  0.2624E+00  0.1524E+00  0.7415E+00  0.1061E+00  12.7229  0.1682E+01   3 4
  0.3590E-01  0.7134E+00  0.2507E+00  0.1421E+00  0.7561E+00  0.1018E+00  12.7122  0.1689E+01   3 4
  0.3367E-01  0.7265E+00  0.2399E+00  0.1325E+00  0.7698E+00  0.9774E-01  12.7014  0.1697E+01   3 4
  0.3156E-01  0.7388E+00  0.2297E+00  0.1235E+00  0.7825E+00  0.9393E-01  12.6907  0.1703E+01   3 4
  0.2958E-01  0.7502E+00  0.2202E+00  0.1152E+00  0.7945E+00  0.9034E-01  12.6801  0.1710E+01   3 4
  0.2771E-01  0.7610E+00  0.2113E+00  0.1074E+00  0.8056E+00  0.8698E-01  12.6697  0.1716E+01   2 4
  0.2596E-01  0.7710E+00  0.2030E+00  0.1001E+00  0.8160E+00  0.8382E-01  12.6594  0.1722E+01   2 4
  0.2431E-01  0.7804E+00  0.1953E+00  0.9337E-01  0.8258E+00  0.8085E-01  12.6495  0.1728E+01   2 4
  0.2276E-01  0.7892E+00  0.1881E+00  0.8706E-01  0.8349E+00  0.7807E-01  12.6398  0.1733E+01   2 4
  0.2130E-01  0.7974E+00  0.1813E+00  0.8118E-01  0.8434E+00  0.7546E-01  12.6304  0.1738E+01   2 4
  0.1993E-01  0.8050E+00  0.1751E+00  0.7569E-01  0.8513E+00  0.7302E-01  12.6213  0.1743E+01   2 4
  0.1865E-01  0.8122E+00  0.1692E+00  0.7057E-01  0.8587E+00  0.7073E-01  12.6126  0.1747E+01   2 4
  0.1744E-01  0.8188E+00  0.1637E+00  0.6580E-01  0.8656E+00  0.6858E-01  12.6043  0.1751E+01   2 4
  0.1631E-01  0.8251E+00  0.1586E+00  0.6135E-01  0.8721E+00  0.6657E-01  12.5963  0.1755E+01   2 4
  0.1525E-01  0.8309E+00  0.1539E+00  0.5720E-01  0.8781E+00  0.6469E-01  12.5886  0.1759E+01   2 4
  0.1426E-01  0.8363E+00  0.1494E+00  0.5334E-01  0.8837E+00  0.6293E-01  12.5813  0.1762E+01   2 4
  0.1333E-01  0.8414E+00  0.1453E+00  0.4973E-01  0.8890E+00  0.6128E-01  12.5744  0.1766E+01   2 4
  0.1246E-01  0.8462E+00  0.1414E+00  0.4637E-01  0.8939E+00  0.5974E-01  12.5677  0.1769E+01   2 4
  0.1164E-01  0.8506E+00  0.1378E+00  0.4323E-01  0.8985E+00  0.5830E-01  12.5615  0.1772E+01   2 4
  0.1087E-01  0.8547E+00  0.1344E+00  0.4031E-01  0.9027E+00  0.5695E-01  12.5555  0.1774E+01   2 4
  0.1016E-01  0.8586E+00  0.1313E+00  0.3759E-01  0.9067E+00  0.5569E-01  12.5499  0.1777E+01   2 4
  0.9488E-02  0.8622E+00  0.1283E+00  0.3504E-01  0.9104E+00  0.5451E-01  12.5445  0.1779E+01   2 4
  0.8862E-02  0.8655E+00  0.1256E+00  0.3268E-01  0.9139E+00  0.5341E-01  12.5395  0.1782E+01   2 4
  0.8276E-02  0.8687E+00  0.1231E+00  0.3047E-01  0.9172E+00  0.5238E-01  12.5347  0.1784E+01   2 4
  0.7728E-02  0.8716E+00  0.1207E+00  0.2841E-01  0.9202E+00  0.5141E-01  12.5302  0.1786E+01   2 4
  0.7215E-02  0.8743E+00  0.1185E+00  0.2649E-01  0.9230E+00  0.5051E-01  12.5260  0.1788E+01   2 4
  0.6736E-02  0.8769E+00  0.1164E+00  0.2470E-01  0.9256E+00  0.4967E-01  12.5220  0.1789E+01   2 4
  0.6288E-02  0.8792E+00  0.1145E+00  0.2303E-01  0.9281E+00  0.4889E-01  12.5183  0.1791E+01   2 4
  0.5870E-02  0.8815E+00  0.1127E+00  0.2147E-01  0.9304E+00  0.4816E-01  12.5147  0.1792E+01   2 4
  0.5479E-02  0.8835E+00  0.1110E+00  0.2002E-01  0.9325E+00  0.4747E-01  12.5114  0.1794E+01   2 4
  0.5113E-02  0.8855E+00  0.1094E+00  0.1866E-01  0.9345E+00  0.4683E-01  12.5083  0.1795E+01   2 4
  0.4772E-02  0.8873E+00  0.1080E+00  0.1740E-01  0.9364E+00  0.4624E-01  12.5054  0.1796E+01   2 4
  0.4453E-02  0.8889E+00  0.1066E+00  0.1623E-01  0.9381E+00  0.4568E-01  12.5026  0.1798E+01   2 4
  0.4155E-02  0.8905E+00  0.1053E+00  0.1513E-01  0.9397E+00  0.4516E-01  12.5001  0.1799E+01   2 4
  0.3877E-02  0.8920E+00  0.1041E+00  0.1411E-01  0.9412E+00  0.4467E-01  12.4977  0.1800E+01   2 4
  0.3618E-02  0.8933E+00  0.1030E+00  0.1315E-01  0.9426E+00  0.4422E-01  12.4954  0.1801E+01   2 4
  0.3375E-02  0.8946E+00  0.1020E+00  0.1226E-01  0.9439E+00  0.4380E-01  12.4933  0.1801E+01   2 4
  0.3149E-02  0.8958E+00  0.1011E+00  0.1143E-01  0.9452E+00  0.4340E-01  12.4913  0.1802E+01   2 4
  0.2938E-02  0.8969E+00  0.1002E+00  0.1066E-01  0.9463E+00  0.4303E-01  12.4894  0.1803E+01   2 4
  0.2741E-02  0.8979E+00  0.9933E-01  0.9940E-02  0.9474E+00  0.4269E-01  12.4877  0.1804E+01   2 4
  0.2557E-02  0.8989E+00  0.9855E-01  0.9268E-02  0.9484E+00  0.4237E-01  12.4861  0.1804E+01   2 4
  0.2385E-02  0.8998E+00  0.9782E-01  0.8642E-02  0.9493E+00  0.4207E-01  12.4845  0.1805E+01   2 4
  0.2225E-02  0.9006E+00  0.9714E-01  0.8058E-02  0.9502E+00  0.4179E-01  12.4831  0.1806E+01   2 4
  0.2075E-02  0.9014E+00  0.9651E-01  0.7513E-02  0.9510E+00  0.4153E-01  12.4818  0.1806E+01   2 4
  0.1936E-02  0.9021E+00  0.9593E-01  0.7005E-02  0.9517E+00  0.4129E-01  12.4805  0.1807E+01   2 4
  0.1805E-02  0.9028E+00  0.9538E-01  0.6531E-02  0.9524E+00  0.4106E-01  12.4794  0.1807E+01   2 4
  0.1684E-02  0.9035E+00  0.9486E-01  0.6090E-02  0.9531E+00  0.4085E-01  12.4783  0.1808E+01   2 4
  0.1570E-02  0.9040E+00  0.9439E-01  0.5678E-02  0.9537E+00  0.4065E-01  12.4773  0.1808E+01   2 4
  0.1465E-02  0.9046E+00  0.9394E-01  0.5294E-02  0.9542E+00  0.4047E-01  12.4763  0.1808E+01   2 4
  0.1366E-02  0.9051E+00  0.9353E-01  0.4936E-02  0.9548E+00  0.4030E-01  12.4754  0.1809E+01   2 4
  0.1274E-02  0.9056E+00  0.9314E-01  0.4603E-02  0.9553E+00  0.4014E-01  12.4746  0.1809E+01   2 4
  0.1188E-02  0.9060E+00  0.9278E-01  0.4291E-02  0.9557E+00  0.3999E-01  12.4738  0.1810E+01   2 4
  0.1108E-02  0.9064E+00  0.9244E-01  0.4001E-02  0.9562E+00  0.3985E-01  12.4731  0.1810E+01   2 4
  0.1033E-02  0.9068E+00  0.9213E-01  0.3731E-02  0.9566E+00  0.3972E-01  12.4724  0.1810E+01   2 4
  0.9637E-03  0.9072E+00  0.9184E-01  0.3479E-02  0.9569E+00  0.3960E-01  12.4718  0.1810E+01   2 4
  0.8987E-03  0.9075E+00  0.9156E-01  0.3243E-02  0.9573E+00  0.3948E-01  12.4712  0.1811E+01   2 4
  0.8381E-03  0.9079E+00  0.9131E-01  0.3024E-02  0.9576E+00  0.3938E-01  12.4707  0.1811E+01   2 4
  0.7815E-03  0.9081E+00  0.9107E-01  0.2820E-02  0.9579E+00  0.3928E-01  12.4701  0.1811E+01   2 4
  0.7288E-03  0.9084E+00  0.9085E-01  0.2629E-02  0.9582E+00  0.3919E-01  12.4697  0.1811E+01   2 4
  0.6796E-03  0.9087E+00  0.9065E-01  0.2451E-02  0.9584E+00  0.3910E-01  12.4692  0.1811E+01   2 4
  0.6338E-03  0.9089E+00  0.9045E-01  0.2286E-02  0.9587E+00  0.3902E-01  12.4688  0.1812E+01   2 4
  0.5910E-03  0.9091E+00  0.9028E-01  0.2131E-02  0.9589E+00  0.3895E-01  12.4684  0.1812E+01   2 4
  0.5511E-03  0.9093E+00  0.9011E-01  0.1987E-02  0.9591E+00  0.3888E-01  12.4680  0.1812E+01   2 4
  0.5139E-03  0.9095E+00  0.8995E-01  0.1853E-02  0.9593E+00  0.3881E-01  12.4677  0.1812E+01   2 4
  0.4792E-03  0.9097E+00  0.8981E-01  0.1727E-02  0.9595E+00  0.3875E-01  12.4674  0.1812E+01   2 4
  0.4468E-03  0.9099E+00  0.8967E-01  0.1611E-02  0.9597E+00  0.3870E-01  12.4671  0.1812E+01   2 4
  0.4167E-03  0.9100E+00  0.8955E-01  0.1502E-02  0.9599E+00  0.3865E-01  12.4668  0.1812E+01   2 4
  0.3885E-03  0.9102E+00  0.8943E-01  0.1400E-02  0.9600E+00  0.3860E-01  12.4666  0.1812E+01   2 4
  0.3623E-03  0.9103E+00  0.8932E-01  0.1306E-02  0.9601E+00  0.3855E-01  12.4663  0.1813E+01   2 4
  0.3378E-03  0.9104E+00  0.8922E-01  0.1217E-02  0.9603E+00  0.3851E-01  12.4661  0.1813E+01   2 4
  0.3150E-03  0.9106E+00  0.8912E-01  0.1135E-02  0.9604E+00  0.3847E-01  12.4659  0.1813E+01   2 4
  0.2937E-03  0.9107E+00  0.8903E-01  0.1058E-02  0.9605E+00  0.3843E-01  12.4657  0.1813E+01   2 4
  0.2739E-03  0.9108E+00  0.8895E-01  0.9867E-03  0.9606E+00  0.3840E-01  12.4655  0.1813E+01   2 4
  0.2554E-03  0.9109E+00  0.8887E-01  0.9200E-03  0.9607E+00  0.3836E-01  12.4653  0.1813E+01   2 4
  0.2381E-03  0.9110E+00  0.8880E-01  0.8578E-03  0.9608E+00  0.3833E-01  12.4652  0.1813E+01   2 4
  0.2220E-03  0.9110E+00  0.8873E-01  0.7998E-03  0.9609E+00  0.3831E-01  12.4650  0.1813E+01   2 4
  0.2070E-03  0.9111E+00  0.8867E-01  0.7457E-03  0.9610E+00  0.3828E-01  12.4649  0.1813E+01   2 4
  0.1930E-03  0.9112E+00  0.8861E-01  0.6953E-03  0.9610E+00  0.3826E-01  12.4648  0.1813E+01   2 4
  0.1800E-03  0.9113E+00  0.8856E-01  0.6483E-03  0.9611E+00  0.3823E-01  12.4647  0.1813E+01   2 4
  0.1678E-03  0.9113E+00  0.8850E-01  0.6045E-03  0.9612E+00  0.3821E-01  12.4645  0.1813E+01   2 4
  0.1565E-03  0.9114E+00  0.8846E-01  0.5636E-03  0.9612E+00  0.3819E-01  12.4644  0.1813E+01   2 4
  0.1459E-03  0.9114E+00  0.8841E-01  0.5255E-03  0.9613E+00  0.3817E-01  12.4643  0.1813E+01   2 4
  0.1360E-03  0.9115E+00  0.8837E-01  0.4900E-03  0.9614E+00  0.3816E-01  12.4643  0.1813E+01   2 4
  0.1269E-03  0.9115E+00  0.8833E-01  0.4569E-03  0.9614E+00  0.3814E-01  12.4642  0.1813E+01   2 4
  0.1183E-03  0.9116E+00  0.8830E-01  0.4260E-03  0.9614E+00  0.3813E-01  12.4641  0.1813E+01   2 4
  0.1103E-03  0.9116E+00  0.8826E-01  0.3972E-03  0.9615E+00  0.3811E-01  12.4640  0.1813E+01   2 4
  0.1028E-03  0.9117E+00  0.8823E-01  0.3703E-03  0.9615E+00  0.3810E-01  12.4640  0.1813E+01   2 4
  0.9588E-04  0.9117E+00  0.8820E-01  0.3453E-03  0.9616E+00  0.3809E-01  12.4639  0.1814E+01   2 4
  0.8940E-04  0.9117E+00  0.8818E-01  0.3219E-03  0.9616E+00  0.3808E-01  12.4638  0.1814E+01   2 4
  0.8336E-04  0.9118E+00  0.8815E-01  0.3002E-03  0.9616E+00  0.3807E-01  12.4638  0.1814E+01   2 4
  0.7772E-04  0.9118E+00  0.8813E-01  0.2799E-03  0.9617E+00  0.3806E-01  12.4637  0.1814E+01   1 4
  0.7247E-04  0.9118E+00  0.8811E-01  0.2610E-03  0.9617E+00  0.3805E-01  12.4637  0.1814E+01   1 4
  0.6757E-04  0.9118E+00  0.8809E-01  0.2433E-03  0.9617E+00  0.3804E-01  12.4636  0.1814E+01   1 4
  0.6301E-04  0.9119E+00  0.8807E-01  0.2269E-03  0.9617E+00  0.3803E-01  12.4636  0.1814E+01   1 4
  0.5875E-04  0.9119E+00  0.8805E-01  0.2115E-03  0.9618E+00  0.3802E-01  12.4635  0.1814E+01   1 4
  0.5478E-04  0.9119E+00  0.8803E-01  0.1972E-03  0.9618E+00  0.3802E-01  12.4635  0.1814E+01   1 4
  0.5107E-04  0.9119E+00  0.8802E-01  0.1839E-03  0.9618E+00  0.3801E-01  12.4635  0.1814E+01   1 4
  0.4762E-04  0.9120E+00  0.8800E-01  0.1715E-03  0.9618E+00  0.3800E-01  12.4634  0.1814E+01   1 4
  0.4440E-04  0.9120E+00  0.8799E-01  0.1599E-03  0.9618E+00  0.3800E-01  12.4634  0.1814E+01   1 4
  0.4140E-04  0.9120E+00  0.8798E-01  0.1491E-03  0.9619E+00  0.3799E-01  12.4634  0.1814E+01   1 4
  0.3860E-04  0.9120E+00  0.8796E-01  0.1390E-03  0.9619E+00  0.3799E-01  12.4634  0.1814E+01   1 4
  0.3599E-04  0.9120E+00  0.8795E-01  0.1296E-03  0.9619E+00  0.3798E-01  12.4633  0.1814E+01   1 4
  0.3356E-04  0.9120E+00  0.8794E-01  0.1208E-03  0.9619E+00  0.3798E-01  12.4633  0.1814E+01   1 4
  0.3129E-04  0.9120E+00  0.8793E-01  0.1127E-03  0.9619E+00  0.3798E-01  12.4633  0.1814E+01   1 4
  0.2917E-04  0.9120E+00  0.8793E-01  0.1050E-03  0.9619E+00  0.3797E-01  12.4633  0.1814E+01   1 4
  0.2720E-04  0.9121E+00  0.8792E-01  0.9794E-04  0.9619E+00  0.3797E-01  12.4633  0.1814E+01   1 4
  0.2536E-04  0.9121E+00  0.8791E-01  0.9132E-04  0.9619E+00  0.3797E-01  12.4632  0.1814E+01   1 4
  0.2365E-04  0.9121E+00  0.8790E-01  0.8515E-04  0.9620E+00  0.3796E-01  12.4632  0.1814E+01   1 4
  0.2205E-04  0.9121E+00  0.8790E-01  0.7939E-04  0.9620E+00  0.3796E-01  12.4632  0.1814E+01   1 4
  0.2056E-04  0.9121E+00  0.8789E-01  0.7402E-04  0.9620E+00  0.3796E-01  12.4632  0.1814E+01   1 4
  0.1917E-04  0.9121E+00  0.8788E-01  0.6902E-04  0.9620E+00  0.3795E-01  12.4632  0.1814E+01   1 4
  0.1787E-04  0.9121E+00  0.8788E-01  0.6435E-04  0.9620E+00  0.3795E-01  12.4632  0.1814E+01   1 4
  0.1667E-04  0.9121E+00  0.8787E-01  0.6000E-04  0.9620E+00  0.3795E-01  12.4632  0.1814E+01   1 4
  0.1554E-04  0.9121E+00  0.8787E-01  0.5595E-04  0.9620E+00  0.3795E-01  12.4632  0.1814E+01   1 4
  0.1449E-04  0.9121E+00  0.8786E-01  0.5216E-04  0.9620E+00  0.3795E-01  12.4631  0.1814E+01   1 4
  0.1351E-04  0.9121E+00  0.8786E-01  0.4864E-04  0.9620E+00  0.3794E-01  12.4631  0.1814E+01   1 4
  0.1260E-04  0.9121E+00  0.8786E-01  0.4535E-04  0.9620E+00  0.3794E-01  12.4631  0.1814E+01   1 4
  0.1174E-04  0.9121E+00  0.8785E-01  0.4228E-04  0.9620E+00  0.3794E-01  12.4631  0.1814E+01   1 4
  0.1095E-04  0.9121E+00  0.8785E-01  0.3942E-04  0.9620E+00  0.3794E-01  12.4631  0.1814E+01   1 4
  0.1021E-04  0.9121E+00  0.8785E-01  0.3676E-04  0.9620E+00  0.3794E-01  12.4631  0.1814E+01   1 4
  0.9520E-05  0.9121E+00  0.8784E-01  0.3427E-04  0.9620E+00  0.3794E-01  12.4631  0.1814E+01   1 4
  0.8876E-05  0.9122E+00  0.8784E-01  0.3196E-04  0.9620E+00  0.3794E-01  12.4631  0.1814E+01   1 4
  0.8276E-05  0.9122E+00  0.8784E-01  0.2980E-04  0.9620E+00  0.3794E-01  12.4631  0.1814E+01   1 4
  0.7717E-05  0.9122E+00  0.8784E-01  0.2778E-04  0.9620E+00  0.3793E-01  12.4631  0.1814E+01   1 4
  0.7195E-05  0.9122E+00  0.8783E-01  0.2590E-04  0.9620E+00  0.3793E-01  12.4631  0.1814E+01   1 4
  0.6708E-05  0.9122E+00  0.8783E-01  0.2415E-04  0.9620E+00  0.3793E-01  12.4631  0.1814E+01   1 4
  0.6255E-05  0.9122E+00  0.8783E-01  0.2252E-04  0.9620E+00  0.3793E-01  12.4631  0.1814E+01   1 4
  0.5832E-05  0.9122E+00  0.8783E-01  0.2100E-04  0.9620E+00  0.3793E-01  12.4631  0.1814E+01   1 4
  0.5438E-05  0.9122E+00  0.8783E-01  0.1958E-04  0.9620E+00  0.3793E-01  12.4631  0.1814E+01   1 4
  0.5070E-05  0.9122E+00  0.8782E-01  0.1825E-04  0.9621E+00  0.3793E-01  12.4631  0.1814E+01   1 4
  0.4727E-05  0.9122E+00  0.8782E-01  0.1702E-04  0.9621E+00  0.3793E-01  12.4631  0.1814E+01   1 4
  0.4408E-05  0.9122E+00  0.8782E-01  0.1587E-04  0.9621E+00  0.3793E-01  12.4630  0.1814E+01   1 4
  0.4110E-05  0.9122E+00  0.8782E-01  0.1480E-04  0.9621E+00  0.3793E-01  12.4630  0.1814E+01   1 4
  0.3832E-05  0.9122E+00  0.8782E-01  0.1380E-04  0.9621E+00  0.3793E-01  12.4630  0.1814E+01   1 4
  0.3573E-05  0.9122E+00  0.8782E-01  0.1286E-04  0.9621E+00  0.3793E-01  12.4630  0.1814E+01   1 4
  0.3331E-05  0.9122E+00  0.8782E-01  0.1199E-04  0.9621E+00  0.3793E-01  12.4630  0.1814E+01   1 4
  0.3106E-05  0.9122E+00  0.8782E-01  0.1118E-04  0.9621E+00  0.3793E-01  12.4630  0.1814E+01   1 4
  0.2896E-05  0.9122E+00  0.8782E-01  0.1043E-04  0.9621E+00  0.3793E-01  12.4630  0.1814E+01   1 4
  0.2700E-05  0.9122E+00  0.8781E-01  0.9722E-05  0.9621E+00  0.3793E-01  12.4630  0.1814E+01   1 4
  0.2518E-05  0.9122E+00  0.8781E-01  0.9065E-05  0.9621E+00  0.3793E-01  12.4630  0.1814E+01   1 4
  0.2348E-05  0.9122E+00  0.8781E-01  0.8452E-05  0.9621E+00  0.3793E-01  12.4630  0.1814E+01   1 4
  0.2189E-05  0.9122E+00  0.8781E-01  0.7880E-05  0.9621E+00  0.3793E-01  12.4630  0.1814E+01   1 4
  0.2041E-05  0.9122E+00  0.8781E-01  0.7348E-05  0.9621E+00  0.3792E-01  12.4630  0.1814E+01   1 4
  0.1903E-05  0.9122E+00  0.8781E-01  0.6851E-05  0.9621E+00  0.3792E-01  12.4630  0.1814E+01   1 4
  0.1774E-05  0.9122E+00  0.8781E-01  0.6388E-05  0.9621E+00  0.3792E-01  12.4630  0.1814E+01   1 4
  0.1654E-05  0.9122E+00  0.8781E-01  0.5956E-05  0.9621E+00  0.3792E-01  12.4630  0.1814E+01   1 4
  0.1542E-05  0.9122E+00  0.8781E-01  0.5553E-05  0.9621E+00  0.3792E-01  12.4630  0.1814E+01   1 4
  0.1438E-05  0.9122E+00  0.8781E-01  0.5178E-05  0.9621E+00  0.3792E-01  12.4630  0.1814E+01   1 4
  0.1341E-05  0.9122E+00  0.8781E-01  0.4828E-05  0.9621E+00  0.3792E-01  12.4630  0.1814E+01   1 4
  0.1250E-05  0.9122E+00  0.8781E-01  0.4501E-05  0.9621E+00  0.3792E-01  12.4630  0.1814E+01   1 4
  0.1166E-05  0.9122E+00  0.8781E-01  0.4197E-05  0.9621E+00  0.3792E-01  12.4630  0.1814E+01   1 4
  0.1087E-05  0.9122E+00  0.8781E-01  0.3913E-05  0.9621E+00  0.3792E-01  12.4630  0.1814E+01   1 4
  0.1013E-05  0.9122E+00  0.8781E-01  0.3649E-05  0.9621E+00  0.3792E-01  12.4630  0.1814E+01   1 4
  0.9450E-06  0.9122E+00  0.8781E-01  0.3402E-05  0.9621E+00  0.3792E-01  12.4630  0.1814E+01   1 4
  0.8811E-06  0.9122E+00  0.8781E-01  0.3172E-05  0.9621E+00  0.3792E-01  12.4630  0.1814E+01   1 4
  0.8215E-06  0.9122E+00  0.8781E-01  0.2958E-05  0.9621E+00  0.3792E-01  12.4630  0.1814E+01   1 4
  0.7660E-06  0.9122E+00  0.8781E-01  0.2758E-05  0.9621E+00  0.3792E-01  12.4630  0.1814E+01   1 4
  0.7142E-06  0.9122E+00  0.8781E-01  0.2571E-05  0.9621E+00  0.3792E-01  12.4630  0.1814E+01   1 4
  0.6659E-06  0.9122E+00  0.8781E-01  0.2397E-05  0.9621E+00  0.3792E-01  12.4630  0.1814E+01   1 4
  0.6209E-06  0.9122E+00  0.8781E-01  0.2235E-05  0.9621E+00  0.3792E-01  12.4630  0.1814E+01   1 4
  0.5789E-06  0.9122E+00  0.8781E-01  0.2084E-05  0.9621E+00  0.3792E-01  12.4630  0.1814E+01   1 4
  0.5398E-06  0.9122E+00  0.8781E-01  0.1943E-05  0.9621E+00  0.3792E-01  12.4630  0.1814E+01   1 4
  0.5033E-06  0.9122E+00  0.8781E-01  0.1812E-05  0.9621E+00  0.3792E-01  12.4630  0.1814E+01   1 4
  0.4693E-06  0.9122E+00  0.8781E-01  0.1689E-05  0.9621E+00  0.3792E-01  12.4630  0.1814E+01   1 4
  0.4375E-06  0.9122E+00  0.8781E-01  0.1575E-05  0.9621E+00  0.3792E-01  12.4630  0.1814E+01   1 4
  0.4079E-06  0.9122E+00  0.8780E-01  0.1469E-05  0.9621E+00  0.3792E-01  12.4630  0.1814E+01   1 4
  0.3804E-06  0.9122E+00  0.8780E-01  0.1369E-05  0.9621E+00  0.3792E-01  12.4630  0.1814E+01   1 4
  0.3547E-06  0.9122E+00  0.8780E-01  0.1277E-05  0.9621E+00  0.3792E-01  12.4630  0.1814E+01   1 4
  0.3307E-06  0.9122E+00  0.8780E-01  0.1190E-05  0.9621E+00  0.3792E-01  12.4630  0.1814E+01   1 4
  0.3083E-06  0.9122E+00  0.8780E-01  0.1110E-05  0.9621E+00  0.3792E-01  12.4630  0.1814E+01   1 4
  0.2875E-06  0.9122E+00  0.8780E-01  0.1035E-05  0.9621E+00  0.3792E-01  12.4630  0.1814E+01   1 4
  0.2680E-06  0.9122E+00  0.8780E-01  0.9650E-06  0.9621E+00  0.3792E-01  12.4630  0.1814E+01   1 4
  0.2499E-06  0.9122E+00  0.8780E-01  0.8998E-06  0.9621E+00  0.3792E-01  12.4630  0.1814E+01   1 4
  0.2330E-06  0.9122E+00  0.8780E-01  0.8389E-06  0.9621E+00  0.3792E-01  12.4630  0.1814E+01   1 4
  0.2173E-06  0.9122E+00  0.8780E-01  0.7822E-06  0.9621E+00  0.3792E-01  12.4630  0.1814E+01   1 4
